Data_Sets_Manuscript/Cascadia_vertical/Newton_Supplemental/Data_S4.asc
ncols	51
nrows	46
xllcorner	-126.000
yllcorner	45.000
cellsize	0.100
NODATA_value	-9999.000
20.222 15.849 11.871 8.627 6.266 4.991 4.572 3.928 3.334 2.822 2.445 2.269 3.671 7.077 10.583 13.973 17.206 20.269 23.156 25.865 28.395 30.744 32.913 34.900 36.706 38.330 39.772 41.032 31.109 31.078 30.618 29.732 28.421 26.686 24.533 21.967 19.001 15.661 12.014 8.269 5.358 4.839 4.514 4.490 4.848 5.584 6.638 7.939 8.726 9.368 10.054
19.328 17.956 16.585 13.594 10.051 7.143 4.934 3.519 2.898 2.281 1.741 1.421 2.135 4.142 6.159 8.039 9.752 11.290 12.651 13.832 14.833 15.653 16.291 16.748 17.022 17.116 17.027 16.756 13.871 15.173 16.048 16.494 16.513 16.107 15.279 14.034 12.380 10.341 7.968 5.447 3.645 3.434 3.324 3.469 3.911 4.632 5.586 6.727 7.383 8.055 8.771
18.449 17.073 15.699 14.325 12.953 10.978 7.905 5.400 3.465 2.098 1.248 0.672 0.762 1.389 1.921 2.291 2.485 2.501 2.337 1.739 0.479 0.971 1.470 1.970 2.471 2.972 3.473 3.783 0.387 2.083 3.581 3.695 5.039 5.959 6.454 6.526 6.182 5.434 4.320 2.974 2.106 2.100 2.200 2.494 2.989 3.664 4.495 5.422 6.068 6.777 7.531
17.588 16.209 14.832 13.455 12.079 10.704 9.331 7.961 5.424 3.373 1.816 0.706 0.351 0.434 0.490 0.554 0.623 0.695 0.770 0.625 0.568 0.853 1.158 1.568 2.020 2.476 2.385 0.701 0.620 0.805 1.887 2.373 2.020 2.505 3.510 3.114 1.903 1.050 1.087 0.845 0.654 0.859 1.177 1.591 2.095 2.691 3.378 4.111 4.802 5.560 6.360
16.746 15.367 13.988 12.610 11.232 9.855 8.480 7.107 5.738 4.376 2.639 1.371 1.024 1.424 1.037 1.315 1.515 1.590 1.146 1.341 1.269 1.178 1.603 1.756 1.501 1.452 1.549 0.994 0.835 1.262 1.532 1.602 1.315 1.426 1.811 2.470 3.130 3.087 1.715 0.857 0.917 0.746 0.952 0.844 1.308 1.763 2.277 2.889 3.640 4.486 5.443
11.346 10.402 9.459 8.516 7.574 6.634 5.695 4.759 3.828 2.907 2.009 1.547 1.215 1.301 1.539 1.215 1.306 1.545 1.228 1.322 1.557 1.230 1.311 1.025 0.947 1.379 1.545 1.220 1.298 1.532 1.219 1.316 1.162 1.120 1.673 1.270 1.082 1.497 1.551 1.230 1.305 1.528 1.210 1.307 1.547 1.238 1.327 2.273 3.155 4.081 5.025
12.746 11.662 10.580 9.498 8.417 7.338 6.261 5.188 4.122 3.070 2.054 1.309 1.206 1.518 1.296 1.219 1.532 1.305 1.229 1.560 1.333 1.244 1.560 0.468 0.778 1.303 1.310 1.216 1.532 1.296 1.214 1.540 0.674 1.580 2.648 0.584 0.639 1.213 1.320 1.232 1.551 1.310 1.212 1.530 1.302 1.221 1.544 1.984 2.834 3.758 4.722
12.925 11.826 10.726 9.628 8.531 7.436 6.342 5.253 4.171 3.102 2.070 1.552 1.224 1.296 1.519 1.213 1.305 1.533 1.220 1.326 1.562 1.236 1.320 1.386 1.268 1.374 1.215 1.274 1.381 1.385 0.956 1.114 0.692 0.588 1.113 0.660 0.824 1.525 1.561 1.237 1.317 1.556 1.231 1.303 1.531 1.212 1.301 1.559 2.552 3.501 4.515
13.001 11.894 10.788 9.683 8.578 7.476 6.375 5.279 4.189 3.114 2.075 1.317 1.225 1.552 1.313 1.214 1.531 1.305 1.225 1.543 1.321 1.236 1.556 1.431 1.262 0.877 0.930 1.255 1.427 1.268 0.652 0.372 1.366 1.088 1.512 1.085 1.944 1.345 1.316 1.229 1.549 1.313 1.230 1.550 1.304 1.211 1.532 1.378 2.294 3.291 4.382
12.912 11.813 10.715 9.617 8.520 7.425 6.333 5.244 4.162 3.095 2.064 1.558 1.232 1.317 1.340 0.963 1.034 1.537 1.234 1.328 1.544 1.226 1.327 1.291 0.791 0.622 0.744 0.956 1.553 1.200 0.582 1.219 1.507 1.112 1.409 1.227 1.385 1.042 1.000 0.985 1.394 1.300 0.827 1.083 1.543 1.217 1.304 1.375 2.047 3.106 4.296
12.777 11.689 10.602 9.515 8.430 7.346 6.265 5.187 4.117 3.062 2.043 1.308 1.229 1.544 1.329 1.493 1.484 1.305 1.225 1.553 1.319 1.223 1.549 1.519 1.123 1.221 0.434 0.751 1.142 1.184 0.699 1.197 1.054 0.583 0.838 1.493 0.865 0.481 0.508 0.828 1.319 1.258 0.716 0.962 1.309 1.223 1.538 1.521 1.802 2.929 4.233
12.776 11.688 10.600 9.513 8.427 7.343 6.262 5.184 4.113 3.057 2.039 1.535 1.222 1.310 0.951 0.613 1.192 1.310 1.061 1.495 1.550 1.226 1.315 1.297 0.723 0.258 0.434 0.603 1.203 1.548 1.229 1.318 1.310 0.370 0.893 1.194 0.586 0.708 1.567 1.248 1.328 1.547 1.225 1.312 1.233 1.091 1.484 1.281 1.559 2.742 4.171
12.701 11.619 10.539 9.459 8.380 7.303 6.228 5.157 4.093 3.044 2.031 1.294 1.209 1.532 0.635 0.514 0.308 0.462 0.546 1.151 1.318 1.229 1.548 1.407 0.985 1.071 1.259 1.028 1.441 1.313 1.220 1.538 1.100 0.462 1.241 1.431 1.022 1.257 1.313 1.245 1.567 1.325 1.220 1.541 0.535 0.687 1.227 1.748 1.213 2.534 4.092
12.744 11.660 10.576 9.493 8.411 7.331 6.253 5.179 4.111 3.058 2.042 1.535 1.214 1.294 1.527 1.215 1.309 1.012 0.437 1.234 1.052 0.696 0.997 1.215 0.893 1.255 1.292 0.947 1.312 1.299 1.010 1.429 1.146 2.159 1.365 1.402 1.135 1.538 0.975 0.563 1.221 1.556 1.228 1.305 0.587 0.714 1.221 1.259 1.209 2.297 3.983
12.526 11.465 10.405 9.345 8.287 7.230 6.176 5.125 4.080 3.049 2.051 1.314 1.223 1.542 1.302 1.217 1.539 0.706 0.301 0.672 1.112 0.770 0.955 0.675 0.247 0.227 0.518 0.456 0.280 0.341 0.372 0.546 0.839 0.546 1.517 0.819 0.711 1.103 1.178 0.610 1.311 1.304 1.219 1.541 1.278 1.114 1.531 1.560 1.323 2.029 3.831
12.526 11.465 10.405 9.345 8.286 7.229 6.174 5.123 4.078 3.046 2.046 1.431 1.090 1.000 1.060 0.833 1.096 0.566 0.399 0.698 1.543 1.217 1.298 1.350 0.833 0.242 0.919 0.700 0.878 0.505 0.609 0.552 0.347 0.567 1.218 0.755 0.535 1.148 0.470 0.880 1.289 1.105 0.758 1.252 1.543 1.223 1.311 1.362 1.435 1.740 3.632
12.328 11.288 10.248 9.209 8.171 7.134 6.099 5.068 4.042 3.027 2.042 1.343 0.928 0.687 0.823 0.469 0.764 0.715 0.677 1.241 1.304 1.223 1.557 0.735 0.367 0.848 1.504 1.138 1.453 1.394 0.962 0.514 1.140 0.376 1.426 0.566 0.635 1.315 2.181 1.173 1.377 1.063 0.270 1.224 1.304 1.228 1.551 1.396 1.251 1.437 3.381
12.282 11.246 10.210 9.175 8.142 7.109 6.079 5.051 4.030 3.020 2.040 1.544 1.215 1.286 1.373 0.918 0.937 0.591 0.904 1.222 1.546 1.214 1.310 0.653 0.729 1.260 1.539 1.223 1.326 1.320 0.905 0.429 1.280 0.742 0.358 0.316 0.438 0.779 1.549 1.222 1.310 1.453 0.851 0.953 1.541 1.220 1.310 1.516 1.188 1.415 3.076
12.617 11.544 10.472 9.400 8.330 7.261 6.195 5.132 4.077 3.036 2.031 1.303 1.221 1.532 1.321 1.069 0.927 0.588 0.755 1.440 1.321 1.228 1.541 1.198 1.061 1.472 1.328 1.224 1.541 1.374 0.772 0.669 1.441 1.039 1.093 0.874 0.102 0.348 1.310 1.217 1.548 1.300 0.992 1.239 1.320 1.225 1.534 1.285 1.235 1.470 2.723
12.686 11.607 10.528 9.450 8.374 7.298 6.226 5.157 4.095 3.049 2.039 1.536 1.225 1.309 1.250 1.012 0.997 1.294 1.028 1.387 1.434 0.981 1.131 1.549 1.222 1.319 1.587 1.137 1.356 1.092 0.498 0.532 0.898 0.855 1.410 1.348 0.546 0.493 1.273 1.129 1.244 1.214 0.594 1.338 1.547 1.224 1.302 1.706 1.403 1.471 2.333
12.733 11.649 10.565 9.483 8.401 7.321 6.244 5.171 4.105 3.053 2.040 1.306 1.226 1.546 1.528 1.242 1.072 1.046 1.022 1.469 1.207 0.977 0.670 1.325 1.234 1.543 1.159 0.843 0.820 0.523 0.685 1.318 0.738 0.905 1.221 1.249 0.877 0.742 0.823 1.212 0.757 0.633 0.147 1.033 1.311 1.227 1.546 1.206 1.350 1.415 1.939
12.782 11.694 10.606 9.519 8.434 7.349 6.268 5.190 4.120 3.064 2.047 1.531 1.213 1.310 1.547 1.227 1.319 1.405 0.892 1.266 1.380 1.051 1.220 1.548 1.225 1.308 1.226 0.653 0.525 0.341 0.468 1.206 1.363 0.687 0.355 1.086 0.428 0.945 1.524 1.609 1.689 1.203 0.535 1.413 1.500 1.144 1.461 1.612 1.314 1.418 1.833
12.910 11.813 10.716 9.620 8.525 7.432 6.341 5.254 4.174 3.109 2.081 1.331 1.227 1.538 1.315 1.234 1.548 0.931 0.439 0.966 1.166 0.982 1.364 1.327 1.222 1.533 0.543 0.320 0.429 0.279 0.255 0.703 0.732 0.209 0.992 0.834 0.743 0.949 0.628 1.288 1.527 1.162 1.059 1.136 0.916 0.925 0.995 1.140 1.331 1.182 1.839
12.853 11.762 10.671 9.580 8.491 7.404 6.318 5.237 4.163 3.104 2.081 1.570 1.246 1.316 1.538 1.225 1.317 1.016 0.206 1.047 1.032 0.854 1.231 1.525 1.179 1.494 0.439 0.440 0.329 0.299 0.187 1.376 0.692 0.416 0.886 0.266 0.616 0.672 0.737 1.812 3.347 1.637 0.893 1.045 1.035 0.810 1.064 1.153 1.167 1.266 1.493
12.919 11.819 10.720 9.622 8.525 7.430 6.337 5.248 4.166 3.099 2.070 1.324 1.238 1.555 1.311 1.221 1.549 1.357 0.988 1.373 1.176 0.903 1.237 1.021 0.850 1.002 0.801 0.925 1.452 0.422 0.239 0.553 1.293 0.955 1.012 0.962 0.546 0.194 1.587 1.667 1.698 1.466 1.133 1.490 0.407 0.614 1.335 1.478 1.327 1.360 1.836
12.860 11.765 10.670 9.576 8.483 7.392 6.304 5.219 4.142 3.079 2.054 1.545 1.223 1.311 1.550 1.230 1.324 1.436 1.042 1.187 1.088 0.804 0.904 1.009 0.932 0.909 1.356 1.050 1.310 0.958 0.418 0.966 1.358 0.785 0.472 1.544 1.226 1.324 1.549 1.228 1.320 1.550 1.104 1.351 0.397 0.555 1.199 1.238 1.341 1.438 1.837
12.904 11.805 10.707 9.609 8.513 7.418 6.325 5.237 4.155 3.088 2.057 1.306 1.211 1.530 1.302 1.226 1.553 1.281 0.828 0.844 0.620 0.262 1.029 1.277 0.932 1.248 1.194 1.090 1.445 1.381 1.509 1.074 1.310 0.839 0.871 1.306 1.215 1.544 1.326 1.233 1.546 1.162 0.832 0.741 1.189 1.109 1.481 1.720 1.196 1.520 1.861
12.904 11.805 10.706 9.608 8.511 7.415 6.322 5.233 4.151 3.083 2.052 1.541 1.217 1.301 1.532 1.216 1.311 1.286 0.778 0.580 0.867 0.802 1.368 1.140 1.040 1.433 1.470 1.142 1.489 1.916 1.977 0.480 0.348 0.789 1.314 1.273 0.715 0.430 1.537 1.217 1.305 1.219 0.525 0.782 1.553 1.225 1.306 1.261 1.210 1.435 1.918
12.729 11.645 10.561 9.479 8.397 7.317 6.240 5.166 4.100 3.048 2.034 1.298 1.212 1.533 1.303 1.220 1.549 1.422 0.950 0.811 0.617 0.925 0.396 0.211 0.701 1.300 0.968 0.669 0.958 1.844 1.611 0.841 1.093 1.071 1.439 1.470 1.093 1.204 1.316 1.218 1.531 1.344 0.691 0.528 1.312 1.223 1.537 1.619 1.349 1.418 2.050
12.830 11.738 10.647 9.556 8.466 7.378 6.293 5.211 4.136 3.076 2.052 1.528 1.207 1.298 1.534 1.215 1.313 1.546 1.223 1.314 1.115 0.806 1.156 0.524 0.710 1.253 1.139 0.380 1.121 1.289 1.386 0.524 0.467 0.869 1.329 1.178 0.875 1.300 1.318 0.815 0.591 1.252 0.655 0.337 1.548 1.228 1.310 1.341 1.418 1.450 2.180
12.871 11.776 10.681 9.587 8.494 7.402 6.313 5.228 4.149 3.085 2.056 1.302 1.204 1.528 1.297 1.204 1.527 1.299 1.215 1.542 1.350 0.621 0.596 1.260 1.107 1.506 1.254 0.865 1.280 1.612 1.033 1.032 0.379 1.052 1.449 1.075 0.637 1.243 1.402 0.950 0.979 1.465 1.060 1.184 1.318 1.246 1.570 1.459 1.259 1.524 2.307
12.781 11.693 10.606 9.519 8.433 7.349 6.267 5.189 4.118 3.062 2.041 1.535 1.214 1.305 1.533 1.199 1.280 1.526 1.222 1.319 1.373 0.685 0.435 1.509 1.143 1.459 1.387 1.146 1.584 1.493 1.046 1.203 0.375 0.699 1.271 1.398 0.380 1.119 1.193 0.981 1.409 1.552 1.234 1.317 1.541 1.229 1.335 1.454 1.195 1.482 2.426
12.760 11.673 10.585 9.499 8.414 7.330 6.249 5.171 4.101 3.046 2.027 1.288 1.213 1.544 1.308 1.206 1.524 1.292 1.229 1.573 0.786 0.322 0.615 0.994 0.655 0.916 0.805 0.700 1.106 1.233 0.889 0.354 1.224 1.116 1.516 1.199 0.463 0.614 0.758 0.632 1.230 1.304 1.232 1.553 1.317 1.213 1.527 1.304 1.242 1.482 2.535
12.746 11.660 10.575 9.490 8.407 7.325 6.246 5.170 4.102 3.048 2.031 1.525 1.206 1.302 1.548 1.222 1.297 1.526 1.208 1.319 0.696 0.387 0.445 0.727 0.387 0.641 0.471 0.476 1.128 1.051 0.581 0.532 1.550 1.222 1.314 1.198 0.643 0.642 0.217 0.424 1.155 1.536 1.224 1.315 1.550 1.228 1.303 1.663 1.404 1.525 2.634
12.788 11.701 10.614 9.528 8.443 7.360 6.280 5.203 4.133 3.078 2.060 1.318 1.222 1.531 1.300 1.227 1.552 1.304 1.214 1.544 1.116 0.247 1.048 1.050 0.846 1.272 0.783 0.407 0.430 0.353 0.304 0.543 1.310 1.226 1.546 1.359 0.904 0.918 0.846 0.847 1.346 1.306 1.215 1.526 1.302 1.229 1.546 1.274 1.368 1.614 2.721
12.853 11.760 10.668 9.577 8.488 7.399 6.314 5.232 4.157 3.097 2.074 1.558 1.233 1.305 1.534 1.215 1.307 1.545 1.222 1.314 1.071 1.093 1.150 1.040 1.069 1.465 1.489 0.392 1.056 0.813 0.704 0.766 1.436 1.084 1.432 1.099 0.899 0.980 1.546 1.218 1.297 1.530 1.214 1.297 1.525 1.218 1.315 1.654 1.364 1.706 2.796
12.913 11.814 10.715 9.618 8.521 7.426 6.333 5.245 4.163 3.096 2.067 1.316 1.225 1.548 1.311 1.221 1.534 1.301 1.227 1.555 1.116 0.707 1.218 1.163 1.035 1.342 1.153 0.545 0.650 1.542 1.116 1.382 1.364 0.502 0.949 1.563 1.174 1.456 1.314 1.222 1.549 1.309 1.217 1.540 1.313 1.227 1.545 1.317 1.235 1.791 2.858
12.883 11.786 10.689 9.593 8.498 7.405 6.314 5.228 4.148 3.083 2.055 1.540 1.214 1.311 1.549 1.228 1.309 1.536 1.222 1.320 1.342 0.608 0.304 1.385 1.097 1.518 1.158 0.567 0.661 1.544 1.215 1.302 1.019 0.359 0.985 1.374 1.157 1.599 1.563 1.225 1.309 1.267 1.051 1.454 1.547 1.236 1.317 1.466 1.150 1.868 2.906
12.778 11.691 10.604 9.518 8.434 7.351 6.270 5.193 4.124 3.069 2.051 1.313 1.221 1.532 1.312 1.230 1.547 1.313 1.222 1.545 0.991 0.362 0.924 0.243 0.536 1.098 1.512 1.074 1.334 1.318 1.222 1.533 1.383 0.566 1.186 0.839 0.903 1.202 1.333 1.230 1.537 0.641 0.658 1.208 1.307 1.230 1.558 1.444 1.116 1.936 2.941
13.370 12.222 11.075 9.930 8.785 7.642 6.502 5.367 4.239 3.129 2.064 1.542 1.228 1.309 1.541 1.230 1.317 1.545 1.223 1.315 1.130 0.180 1.208 0.770 0.359 1.136 1.396 1.025 0.895 1.248 0.962 1.293 1.334 0.746 0.595 0.801 0.790 1.351 1.554 1.225 1.302 0.797 0.798 1.155 1.542 1.220 1.317 1.632 1.140 1.992 2.961
8.841 8.116 7.392 6.670 5.951 5.235 4.523 3.820 3.130 2.465 1.850 1.309 1.212 1.528 1.301 1.230 1.553 1.311 1.221 1.546 0.516 0.537 1.244 1.326 1.027 1.447 1.362 0.981 0.721 0.851 0.883 1.141 1.148 0.478 0.976 1.075 0.347 0.684 1.315 1.223 1.541 1.357 1.117 1.548 1.302 1.217 1.537 1.412 1.199 2.037 2.968
11.758 10.838 9.920 9.004 8.093 7.186 6.287 5.399 4.393 3.400 2.461 1.895 1.391 1.423 1.772 1.347 1.498 1.794 1.308 1.372 1.542 0.285 1.067 0.950 1.189 1.503 1.417 1.174 1.584 1.627 1.182 1.374 1.577 0.643 0.811 1.071 0.257 1.664 1.694 1.352 1.601 1.611 1.320 1.385 1.270 1.524 1.718 1.206 1.252 2.069 2.961
12.670 11.644 10.563 9.494 8.439 7.397 6.370 5.360 4.371 3.409 2.495 1.863 1.671 1.199 1.338 1.384 1.172 1.608 1.376 0.956 1.202 0.664 0.403 0.389 0.543 0.771 0.856 0.811 0.888 0.868 0.945 0.752 0.866 0.760 0.394 0.284 0.989 1.354 1.681 1.232 1.409 1.427 1.599 2.244 1.651 1.390 1.630 1.022 1.298 2.088 2.939
12.414 11.359 10.315 9.284 8.265 7.260 6.270 5.295 4.340 3.410 2.521 1.800 2.554 1.452 1.018 1.285 1.051 1.159 1.239 0.974 0.659 0.591 0.299 0.235 0.188 0.168 0.318 0.251 0.162 0.167 0.286 0.442 0.342 0.312 0.411 0.440 0.699 1.049 1.424 1.136 1.221 1.248 1.532 2.061 1.499 1.253 1.553 0.874 1.336 2.094 2.904
12.087 11.069 10.063 9.068 8.086 7.117 6.162 5.222 4.300 3.402 2.540 1.753 2.105 2.456 1.239 0.855 1.160 0.840 1.111 0.835 0.617 0.522 0.350 0.288 0.240 0.169 0.154 0.134 0.103 0.093 0.130 0.283 0.260 0.253 0.350 0.372 0.447 0.753 1.119 1.072 1.040 1.076 1.490 1.821 1.348 1.121 1.490 0.783 1.363 2.087 2.854
11.759 10.777 9.807 8.849 7.903 6.969 6.049 5.143 4.254 3.387 2.552 1.781 1.626 3.743 2.376 1.035 0.723 0.820 0.849 0.709 0.486 0.439 0.438 0.331 0.232 0.155 0.142 0.121 0.157 0.155 0.069 0.139 0.170 0.216 0.289 0.314 0.335 0.485 0.822 1.044 0.869 0.916 1.473 1.581 1.199 0.996 1.428 0.769 1.379 2.067 2.792
